              -2666.4399673094
          0.000000779       0.000001217       0.000001217
          0.000001217       0.000000038       0.000000011
          0.000001217       0.000000011       0.000000038
           9
  1    79       0.006096413       0.005021326       0.005021310  Au
  1    79       0.001337501       0.002815121       0.002814999  Au
  1    79       0.002076656      -0.003370200      -0.002184070  Au
  1    79       0.002076536      -0.002183997      -0.003370132  Au
  1    79      -0.011246467      -0.000015954      -0.000015952  Au
  1    79       0.000561464      -0.001422594      -0.001422542  Au
  1    79      -0.000572871       0.001446419       0.002430784  Au
  1    79      -0.000572919       0.002430759       0.001446521  Au
  1    79       0.000198401      -0.004718384      -0.004718415  Au
