              -1481.2208934197
          0.000000286      -0.000000331      -0.000000331
         -0.000000331      -0.000000237      -0.000000360
         -0.000000331      -0.000000360      -0.000000237
           5
  1    79      -0.002733101      -0.006788435      -0.006786155  Au
  1    79       0.003476059       0.006477918       0.006475942  Au
  1    79       0.001535060      -0.000964405      -0.002938634  Au
  1    79       0.001535817      -0.002937118      -0.000962608  Au
  1    79      -0.003857620       0.004243934       0.004243484  Au
