              -3259.0449645703
          0.000000071       0.000000649      -0.000001452
          0.000000649      -0.000000107       0.000002502
         -0.000001452       0.000002502      -0.000001824
          11
  1    79      -0.002249398       0.002319583       0.011557509  Au
  1    79       0.014272204      -0.023461316      -0.004957966  Au
  1    79      -0.003293582      -0.008711883       0.004024107  Au
  1    79      -0.002176302       0.001709933       0.011321948  Au
  1    79      -0.006447841      -0.008222319      -0.002137755  Au
  1    79      -0.012125731       0.012058594      -0.008982201  Au
  1    79      -0.003730897       0.014788528      -0.027190781  Au
  1    79       0.001723151       0.015680539      -0.007273284  Au
  1    79      -0.001814057       0.014959592      -0.001056939  Au
  1    79       0.001239195      -0.005804662       0.014833543  Au
  1    79       0.014571229      -0.015378005       0.009880310  Au
