              -2073.2910062105
          0.000004887       0.000000984       0.000000158
          0.000000984       0.000004887       0.000000158
          0.000000158       0.000000158       0.000001890
           7
  1    79       0.018430419       0.018430471       0.013053160  Au
  1    79       0.025951895       0.000093943      -0.014731696  Au
  1    79       0.000093901       0.025951657      -0.014731650  Au
  1    79      -0.022922942      -0.022922826       0.020827173  Au
  1    79      -0.000657625      -0.000657619      -0.004493429  Au
  1    79      -0.019664417      -0.001250116       0.000066578  Au
  1    79      -0.001250230      -0.019664506       0.000066548  Au
