              -2665.7335576156
          0.000004868       0.000001123       0.000001123
          0.000001123       0.000004414       0.000000576
          0.000001123       0.000000576       0.000004414
           9
  1    79       0.018889655       0.019141074       0.019141117  Au
  1    79       0.009499865      -0.004524412      -0.004524548  Au
  1    79      -0.000818899       0.007219425      -0.009062369  Au
  1    79      -0.000819067      -0.009062103       0.007219542  Au
  1    79      -0.011281141      -0.011689645      -0.011689633  Au
  1    79      -0.009394219       0.008492729       0.008492804  Au
  1    79       0.005455498      -0.011997739       0.008530276  Au
  1    79       0.005455357       0.008530224      -0.011997586  Au
  1    79      -0.016844452      -0.006168658      -0.006168701  Au
