               -740.0584041736
         -0.000000388      -0.000000000      -0.000000000
          0.000000000      -0.000000389       0.000000000
         -0.000000000       0.000000000      -0.000000545
          12
  1    22      -0.000000021      -0.000000005       0.000004142  Ti
  1    22       0.000000021      -0.000000001       0.000000954  Ti
  1    22       0.000000013       0.000000005      -0.000004235  Ti
  1    22      -0.000000012       0.000000005      -0.000000925  Ti
  2     8       0.000000025      -0.000000009       0.000021724  O
  2     8      -0.000000001      -0.000000012       0.000021669  O
  2     8      -0.000000008       0.000000029      -0.000025528  O
  2     8      -0.000000021      -0.000000001      -0.000022512  O
  2     8      -0.000000013      -0.000000008       0.000024969  O
  2     8       0.000000002      -0.000000015       0.000025080  O
  2     8       0.000000008       0.000000003      -0.000021151  O
  2     8       0.000000003      -0.000000005      -0.000024168  O
