              -2369.3814425886
          0.000009009      -0.000000834      -0.000000834
         -0.000000834       0.000009009      -0.000000834
         -0.000000834      -0.000000834       0.000009009
           8
  1    79       0.010157832       0.010157766       0.010157863  Au
  1    79       0.038251998      -0.010809864      -0.010808140  Au
  1    79      -0.010809827       0.038251993      -0.010808287  Au
  1    79      -0.010808960      -0.010808978       0.038251916  Au
  1    79      -0.028194332      -0.028194354      -0.028194377  Au
  1    79      -0.030325384       0.015780984       0.015780635  Au
  1    79       0.015780948      -0.030325370       0.015780677  Au
  1    79       0.015781332       0.015781429      -0.030326605  Au
