              -3555.3454253165
         -0.000000439       0.000002748       0.000000276
          0.000002748      -0.000002342      -0.000000924
          0.000000276      -0.000000925      -0.000001720
          12
  1    79       0.008834269      -0.001094189       0.002201501  Au
  1    79       0.002631343      -0.006141154       0.025048719  Au
  1    79      -0.002223900      -0.002529899       0.009104139  Au
  1    79      -0.003909222      -0.006305630      -0.017584613  Au
  1    79      -0.007068981       0.000062855      -0.008206386  Au
  1    79      -0.000472133      -0.014442675      -0.003047739  Au
  1    79       0.001102647       0.016881234      -0.020235143  Au
  1    79       0.000198663       0.005837933      -0.010914196  Au
  1    79      -0.002792990      -0.003879258      -0.002788858  Au
  1    79      -0.001458609       0.005448536       0.009692824  Au
  1    79       0.013188911       0.000680013      -0.002891528  Au
  1    79      -0.007937097       0.005513443       0.019638171  Au
