              -2220.1843016133
         -0.000002004       0.000000064      -0.000000063
          0.000000064      -0.000002144      -0.000000041
         -0.000000063      -0.000000041      -0.000001566
          36
  1    22      -0.000034801      -0.000027716       0.000248180  Ti
  1    22      -0.000026245       0.000017442      -0.000059025  Ti
  1    22       0.000017592       0.000016084      -0.000029734  Ti
  1    22       0.000027905      -0.000049449       0.000202076  Ti
  2     8       0.000050928       0.000011374       0.000119086  O
  2     8       0.000001724      -0.000006671       0.000039050  O
  2     8      -0.000025593       0.000029276      -0.000051802  O
  2     8       0.000074915       0.000026617       0.000207228  O
  2     8      -0.000027280       0.000047732       0.000243425  O
  2     8       0.000050565       0.000074285       0.000113058  O
  2     8       0.000028907      -0.000021807       0.000065188  O
  2     8      -0.000014255      -0.000021978       0.000031603  O
  1    22      -0.000033612      -0.000027430       0.000238928  Ti
  1    22      -0.000025299       0.000017546      -0.000074690  Ti
  1    22       0.000016759       0.000017984      -0.000112296  Ti
  1    22       0.000030043      -0.000051548       0.000092721  Ti
  2     8       0.000053376       0.000011021       0.000117770  O
  2     8       0.000002308      -0.000005951       0.000024153  O
  2     8      -0.000023924       0.000032699      -0.000036318  O
  2     8       0.000075667       0.000026323       0.000220242  O
  2     8      -0.000029445       0.000045512       0.000217252  O
  2     8       0.000052734       0.000077465       0.000099345  O
  2     8       0.000028387      -0.000024791       0.000186519  O
  2     8      -0.000020763      -0.000023840       0.000060482  O
  1    22      -0.000034819      -0.000032855       0.000271531  Ti
  1    22      -0.000022748       0.000018140      -0.000063272  Ti
  1    22       0.000017152       0.000016631      -0.000047853  Ti
  1    22       0.000027471      -0.000048624       0.000255155  Ti
  2     8       0.000046215       0.000006727       0.000120144  O
  2     8       0.000003132      -0.000014662      -0.000001754  O
  2     8      -0.000020715       0.000073149      -0.000027047  O
  2     8       0.000070419       0.000027300       0.000192668  O
  2     8      -0.000029387       0.000046649       0.000246647  O
  2     8       0.000051231       0.000076349       0.000099085  O
  2     8       0.000029401      -0.000018038       0.000071085  O
  2     8      -0.000011142      -0.000022669      -0.000006708  O
