    12
     1   -0.069914    0.000000    0.000000       0.062500
     2    0.000000    0.000000    0.000000       0.062500
     3    0.069914    0.000000    0.000000       0.062500
     4    0.139827    0.000000    0.000000       0.062500
     5   -0.069914    0.069914    0.000000       0.125000
     6    0.000000    0.069914    0.000000       0.125000
     7    0.069914    0.069914    0.000000       0.125000
     8    0.139827    0.069914    0.000000       0.125000
     9   -0.069914    0.139827    0.000000       0.062500
    10    0.000000    0.139827    0.000000       0.062500
    11    0.069914    0.139827    0.000000       0.062500
    12    0.139827    0.139827    0.000000       0.062500
