              -2962.0203221733
          0.000004242       0.000000436      -0.000002616
          0.000000436       0.000005950       0.000001112
         -0.000002616       0.000001112       0.000001997
          10
  1    79       0.011434687       0.006972910       0.013484421  Au
  1    79       0.012652606      -0.004890628       0.004696540  Au
  1    79       0.003957181       0.021522453      -0.016458420  Au
  1    79      -0.026026099      -0.009142166       0.006976382  Au
  1    79      -0.005020626      -0.017336807      -0.002029992  Au
  1    79      -0.010787794       0.004979178       0.012266046  Au
  1    79       0.006640818      -0.005902389      -0.018966279  Au
  1    79       0.006612374       0.028010426      -0.007554999  Au
  1    79      -0.004985017      -0.003846023       0.012195353  Au
  1    79       0.005611218      -0.020335665      -0.004950106  Au
