              -2219.8291437965
         -0.000012788      -0.000000036      -0.000000015
         -0.000000036       0.000211447      -0.000000013
         -0.000000015      -0.000000013       0.000145442
          36
  1    22      -0.006260321      -0.000007150      -0.000037145  Ti
  1    22      -0.006146253       0.000004363       0.000007311  Ti
  1    22      -0.009997998       0.000002005       0.000524045  Ti
  1    22      -0.009758534       0.000017290       0.000301573  Ti
  2     8       0.002164926       0.000002840       0.001418706  O
  2     8       0.000157159       0.000019648       0.000825969  O
  2     8       0.000136873       0.000009050      -0.000880004  O
  2     8       0.001997753      -0.000004864      -0.001744418  O
  2     8       0.011336238       0.000008753       0.000487893  O
  2     8       0.000778411      -0.000044010      -0.000971002  O
  2     8       0.000683172       0.000067017       0.000898808  O
  2     8       0.010953548      -0.000007821      -0.000595816  O
  1    22      -0.001195600       0.000024936       0.000377086  Ti
  1    22      -0.001312250      -0.000024497      -0.000493696  Ti
  1    22       0.002285953       0.000031713       0.000492428  Ti
  1    22       0.002328199      -0.000016261      -0.000547335  Ti
  2     8       0.006314042      -0.000012885      -0.000441636  O
  2     8      -0.000781831       0.000002204      -0.000212000  O
  2     8      -0.000778388       0.000050972       0.000273131  O
  2     8       0.006082699      -0.000008049       0.000476448  O
  2     8      -0.007329798      -0.000003433      -0.000854033  O
  2     8       0.000554662       0.000064961      -0.000228981  O
  2     8       0.000526815      -0.000082707       0.000231297  O
  2     8      -0.007471131      -0.000013886       0.000511625  O
  1    22       0.010806818       0.000045431       0.001370422  Ti
  1    22       0.010884366      -0.000063527      -0.001138637  Ti
  1    22       0.006757244       0.000001557      -0.000174637  Ti
  1    22       0.006352162       0.000012526       0.000276068  Ti
  2     8      -0.012450656      -0.000017599       0.000275150  O
  2     8      -0.000624876       0.000140853      -0.000862028  O
  2     8      -0.000649577      -0.000181342       0.001131699  O
  2     8      -0.012346995      -0.000009575       0.000025879  O
  2     8      -0.002695460      -0.000008362       0.002016249  O
  2     8      -0.000333455      -0.000048032       0.000896644  O
  2     8      -0.000329505      -0.000057224      -0.001038575  O
  2     8      -0.002446859      -0.000005093      -0.002408204  O
