    24
     1    0.000000   -0.293203    0.000000       0.027778
     2    0.000000   -0.146601    0.000000       0.027778
     3    0.000000    0.000000    0.000000       0.027778
     4    0.000000    0.146601    0.000000       0.027778
     5    0.000000    0.293203    0.000000       0.027778
     6    0.000000    0.439804    0.000000       0.027778
     7    0.000000   -0.293203    0.057604       0.055556
     8    0.000000   -0.146601    0.057604       0.055556
     9    0.000000    0.000000    0.057604       0.055556
    10    0.000000    0.146601    0.057604       0.055556
    11    0.000000    0.293203    0.057604       0.055556
    12    0.000000    0.439804    0.057604       0.055556
    13    0.000000   -0.293203    0.115209       0.055556
    14    0.000000   -0.146601    0.115209       0.055556
    15    0.000000    0.000000    0.115209       0.055556
    16    0.000000    0.146601    0.115209       0.055556
    17    0.000000    0.293203    0.115209       0.055556
    18    0.000000    0.439804    0.115209       0.055556
    19    0.000000   -0.293203    0.172813       0.027778
    20    0.000000   -0.146601    0.172813       0.027778
    21    0.000000    0.000000    0.172813       0.027778
    22    0.000000    0.146601    0.172813       0.027778
    23    0.000000    0.293203    0.172813       0.027778
    24    0.000000    0.439804    0.172813       0.027778
