              -2073.8480593613
          0.000000871       0.000000606      -0.000000912
          0.000000606       0.000000871      -0.000000912
         -0.000000912      -0.000000912      -0.000000290
           7
  1    79       0.004891410       0.004891395       0.003612648  Au
  1    79       0.009605559       0.005696061      -0.008272352  Au
  1    79       0.005696037       0.009605531      -0.008272344  Au
  1    79      -0.016381927      -0.016381890       0.003438518  Au
  1    79       0.007658082       0.007658066       0.007768400  Au
  1    79      -0.005133340      -0.006369850       0.000863546  Au
  1    79      -0.006369865      -0.005133367       0.000863529  Au
