              -1777.0854641691
          0.000003942       0.000001209       0.000000774
          0.000001209       0.000003942       0.000000774
          0.000000774       0.000000774       0.000003823
           6
  1    79       0.036627238       0.036627528       0.043367419  Au
  1    79      -0.007259353      -0.015194670      -0.038707240  Au
  1    79      -0.015194904      -0.007259938      -0.038706231  Au
  1    79       0.000912712       0.000917255       0.001412111  Au
  1    79       0.000962407      -0.015915089       0.016333463  Au
  1    79      -0.015912552       0.000960456       0.016333023  Au
