              -1480.8015620557
          0.000003421      -0.000000932      -0.000000932
         -0.000000932       0.000001619      -0.000000359
         -0.000000932      -0.000000359       0.000001619
           5
  1    79       0.011799297       0.002667840       0.002670215  Au
  1    79       0.017787755      -0.005098931      -0.005100826  Au
  1    79      -0.005362877       0.010135783      -0.019059364  Au
  1    79      -0.005361906      -0.019057976       0.010137423  Au
  1    79      -0.019275806       0.011486918       0.011486325  Au
