              -1777.5866610605
          0.000000624       0.000001528       0.000001168
          0.000001528       0.000000624       0.000001168
          0.000001168       0.000001168       0.000002176
           6
  1    79       0.022908780       0.022908956       0.032936671  Au
  1    79      -0.016390200      -0.009717234      -0.023059948  Au
  1    79      -0.009717667      -0.016390769      -0.023059095  Au
  1    79       0.007441404       0.007446215      -0.005302001  Au
  1    79      -0.003799509      -0.000445880       0.009253727  Au
  1    79      -0.000443155      -0.003801615       0.009253288  Au
