              -2370.0583095250
          0.000005290      -0.000000381      -0.000000381
         -0.000000381       0.000005290      -0.000000381
         -0.000000381      -0.000000381       0.000005290
           8
  1    79      -0.001813067      -0.001813153      -0.001813019  Au
  1    79       0.027347284      -0.003018648      -0.003017488  Au
  1    79      -0.003018576       0.027347334      -0.003017697  Au
  1    79      -0.003017951      -0.003018021       0.027347247  Au
  1    79      -0.022284883      -0.022284895      -0.022284918  Au
  1    79      -0.015929515       0.009360346       0.009360222  Au
  1    79       0.009360315      -0.015929411       0.009360139  Au
  1    79       0.009360608       0.009360670      -0.015930258  Au
