              -3258.2225019211
          0.000005571      -0.000000274      -0.000001923
         -0.000000274       0.000005306       0.000003145
         -0.000001923       0.000003145       0.000003600
          11
  1    79       0.008412714       0.013935483       0.025217665  Au
  1    79       0.021113176      -0.026033996      -0.008031703  Au
  1    79      -0.002397218      -0.001921624      -0.001798933  Au
  1    79      -0.004321953      -0.005632640       0.024668204  Au
  1    79      -0.013209080      -0.021032045      -0.009186729  Au
  1    79      -0.019202220       0.019709580       0.007593170  Au
  1    79       0.005112206       0.002338114      -0.023133433  Au
  1    79       0.006989210       0.030043741      -0.015990019  Au
  1    79      -0.013212574       0.008897514      -0.005507496  Au
  1    79       0.009360918      -0.014034758       0.002061074  Au
  1    79       0.001280775      -0.005889184       0.004281509  Au
