              -3554.4635058955
          0.000005647       0.000002365       0.000000162
          0.000002365       0.000004026      -0.000001264
          0.000000162      -0.000001264       0.000003656
          12
  1    79       0.021806780       0.009150405       0.014259749  Au
  1    79       0.005698681      -0.010378022       0.025078851  Au
  1    79      -0.002111422       0.007999193      -0.000135092  Au
  1    79      -0.004873456      -0.008271796      -0.010276163  Au
  1    79      -0.015336663      -0.009196269      -0.016284529  Au
  1    79      -0.006969417      -0.012113783       0.014912101  Au
  1    79       0.018504856       0.012218282      -0.014408834  Au
  1    79       0.006209157       0.020591967      -0.020468256  Au
  1    79      -0.013313526      -0.012485997      -0.006473639  Au
  1    79       0.007883825      -0.001476896      -0.002516625  Au
  1    79      -0.000958300       0.012168271      -0.008263458  Au
  1    79      -0.016786218      -0.008643307       0.024060315  Au
