              -4736.8050116385
          0.000004140      -0.000001608       0.000000232
         -0.000001608       0.000006545       0.000001238
          0.000000232       0.000001238      -0.000000707
          16
  1    79      -0.001193484      -0.005202118       0.001698528  Au
  1    79      -0.006913480      -0.002304201      -0.002827383  Au
  1    79      -0.001044114       0.006136107      -0.000305266  Au
  1    79       0.003243761       0.004941827       0.005525334  Au
  1    79       0.010759149       0.000206018      -0.007071139  Au
  1    79       0.001026177      -0.000396093       0.000723074  Au
  1    79       0.008381774      -0.002506809       0.005363318  Au
  1    79       0.001033790       0.002572055      -0.002801415  Au
  1    79      -0.001638641       0.008533360      -0.002939721  Au
  1    79       0.001767426       0.010377937       0.001623449  Au
  1    79       0.000283038      -0.003461005       0.000800455  Au
  1    79       0.000935984       0.001213876      -0.005818092  Au
  1    79      -0.005321086      -0.006374962       0.004944898  Au
  1    79      -0.000552127      -0.015962406      -0.001508386  Au
  1    79      -0.007146799       0.005147198       0.001500380  Au
  1    79      -0.004585649      -0.002352737       0.001478249  Au
