              -2962.7782201125
         -0.000000438       0.000000599      -0.000001397
          0.000000599       0.000001339       0.000000527
         -0.000001397       0.000000527      -0.000003140
          10
  1    79      -0.001585037      -0.001906404      -0.000355004  Au
  1    79       0.005900325      -0.003260063       0.007610720  Au
  1    79       0.007518847       0.005987617      -0.007235347  Au
  1    79      -0.020211301      -0.001567221      -0.004529745  Au
  1    79      -0.000819805      -0.005474370       0.007151052  Au
  1    79      -0.000359291      -0.002422777      -0.001492025  Au
  1    79       0.000418857       0.005538465      -0.023372639  Au
  1    79       0.001084630       0.014608435       0.002718442  Au
  1    79       0.009452272      -0.000902942       0.012813976  Au
  1    79      -0.001389175      -0.010547646       0.006747794  Au
